N=200, S=42, T=10
P=1
53.866822213
54.589801761
53.807818741
54.845897666
54.573747537
P=2
28.679063019
28.712113449
28.417219576
28.502289530
28.688840370
P=3
16.450633015
14.328174174
16.034186666
15.989642137
14.712682868
P=4
15.987127251
16.130383571
15.816743652
15.854143792
15.950208305
P=5
13.753537441
13.917785933
11.922234045
12.256437843
12.294753976
P=6
12.636357026
12.327966354
10.469140528
10.631535590
10.463852815
P=7
12.557695834
10.720734179
10.382192389
10.348513506
10.638137082
P=8
10.485219556
10.450428482
12.132052495
12.009638512
11.949046628
P=9
10.660376081
10.454968904
10.658076493
10.423078734
10.635777301
P=10
13.174295399
7.750110739
9.710585905
7.940075035
7.978103261
avg
54.336817
28.599905
15.503063
15.947721
12.828949
11.305770
10.929454
11.405277
10.566455
9.170234
avg_smooth
54.336817
44.0420522
32.62645652
25.954962312
20.7045569872
16.94504219232
14.538806915392
13.285394949235
12.197818969541
10.986784981725